import { Property, AgentProfile } from '@/types/property';

export const agentProfile: AgentProfile = {
  name: "La'eeq Allie",
  title: "Property Specialist",
  company: "Greeff Christie's International Real Estate",
  phone: "+27 82 123 4567",
  email: "laeeq@greeff.co.za",
  officePhone: "+27 21 763 4120",
  address: "96 Kloof St, Gardens, Cape Town, 8001",
  bio: "La'eeq Allie is a dedicated real estate professional specializing in sectional-title and freehold residential properties across Cape Town's City Bowl, Gardens, and Waterfront areas. With extensive local market knowledge and backed by Christie's International Real Estate network, La'eeq provides exceptional service to both buyers and sellers, ensuring seamless property transactions in Cape Town's most vibrant neighborhoods.",
  specializations: [
    "Sectional Title Properties",
    "Freehold Residential", 
    "Investment Properties",
    "Airbnb-Friendly Units",
    "First-Time Buyers"
  ],
  areas: [
    "Cape Town City Centre",
    "Gardens", 
    "Waterfront",
    "City Bowl",
    "Vredehoek"
  ],
  profileImage: "/A-16.jpg",
  achievements: [
    "Silver Club Member",
    "Part of Christie's International Real Estate network",
    "Specialist in City Bowl properties",
    "Expert in investment and Airbnb potential properties",
    "Exclusive mandate specialist"
  ]
};

export const mockProperties: Property[] = [
  {
    "id": "116455279",
    "title": "Luxury 3 Bedroom Apartment in Cape Town City Centre",
    "price": "R 12 995 000",
    "location": "Cape Town City Centre",
    "bedrooms": 3,
    "bathrooms": 3,
    "area": "173 m²",
    "type": "Apartment",
    "status": "available",
    "images": [
      "https://images.prop24.com/365456846/Crop1440x900",
      "https://images.prop24.com/365456849/Crop1440x900",
      "https://images.unsplash.com/photo-1600607688960-e095ff2c4043?w=1440&h=900&fit=crop&q=80",
      "https://images.unsplash.com/photo-1586023492125-27b2c045efd7?w=1440&h=900&fit=crop&q=80",
      "https://images.unsplash.com/photo-1620626011761-996317b8d101?w=1440&h=900&fit=crop&q=80",
      "https://images.unsplash.com/photo-1600566753376-12c8ab7fb75b?w=1440&h=900&fit=crop&q=80",
      "https://images.unsplash.com/photo-1631049307264-da0ec9d70304?w=1440&h=900&fit=crop&q=80",
      "https://images.unsplash.com/photo-1556909114-f6e7ad7d3136?w=1440&h=900&fit=crop&q=80",
      "https://images.unsplash.com/photo-1600566753190-17f0baa2a6c3?w=1440&h=900&fit=crop&q=80",
      "https://images.unsplash.com/photo-1584622650111-993a426fbf0a?w=1440&h=900&fit=crop&q=80",
      "https://images.unsplash.com/photo-1600585154526-990dced4db0d?w=1440&h=900&fit=crop&q=80",
      "https://images.unsplash.com/photo-1600607687939-ce8a6c25118c?w=1440&h=900&fit=crop&q=80",
      "https://images.unsplash.com/photo-1580060839134-75a5edca2e99?w=1440&h=900&fit=crop&q=80",
      "https://images.unsplash.com/photo-1576485290814-1c72aa4bbb8e?w=1440&h=900&fit=crop&q=80",
      "https://images.unsplash.com/photo-1555400092-aa3baafce1be?w=1440&h=900&fit=crop&q=80"
    ],
    "description": "Exceptional 3 bedroom apartment in the prestigious Cape Town City Centre. This beautifully designed property features modern finishes, premium amenities, and spectacular views. Perfect for families seeking luxury living in the heart of Cape Town.",
    "features": [
      "City Bowl Views",
      "V&A Waterfront Access",
      "Public Transport",
      "Premium Shopping"
    ],
    "source": "property24",
    "sourceUrl": "https://www.property24.com/for-sale/cape-town-city-centre/cape-town/western-cape/9138/116455279",
    "agentName": "La'eeq Allie",
    "agentContact": "+27 82 123 4567"
  },
  {
    "id": "116455489",
    "title": "Luxury 3 Bedroom Apartment in Cape Town City Centre",
    "price": "R 12 995 000",
    "location": "Cape Town City Centre",
    "bedrooms": 3,
    "bathrooms": 3,
    "area": "172 m²",
    "type": "Apartment",
    "status": "available",
    "images": [
      "https://images.prop24.com/365460435/Crop1440x900",
      "https://images.prop24.com/365460436/Crop1440x900",
      "https://images.unsplash.com/photo-1631049307264-da0ec9d70304?w=1440&h=900&fit=crop&q=80",
      "https://images.unsplash.com/photo-1600607688960-e095ff2c4043?w=1440&h=900&fit=crop&q=80",
      "https://images.unsplash.com/photo-1620626011761-996317b8d101?w=1440&h=900&fit=crop&q=80",
      "https://images.unsplash.com/photo-1600566753376-12c8ab7fb75b?w=1440&h=900&fit=crop&q=80",
      "https://images.unsplash.com/photo-1600585154526-990dced4db0d?w=1440&h=900&fit=crop&q=80",
      "https://images.unsplash.com/photo-1584622650111-993a426fbf0a?w=1440&h=900&fit=crop&q=80",
      "https://images.unsplash.com/photo-1586023492125-27b2c045efd7?w=1440&h=900&fit=crop&q=80",
      "https://images.unsplash.com/photo-1600585154340-be6161a56a0c?w=1440&h=900&fit=crop&q=80",
      "https://images.unsplash.com/photo-1600566753190-17f0baa2a6c3?w=1440&h=900&fit=crop&q=80",
      "https://images.unsplash.com/photo-1600607687644-c7171b42498f?w=1440&h=900&fit=crop&q=80",
      "https://images.unsplash.com/photo-1580060839134-75a5edca2e99?w=1440&h=900&fit=crop&q=80",
      "https://images.unsplash.com/photo-1576485290814-1c72aa4bbb8e?w=1440&h=900&fit=crop&q=80",
      "https://images.unsplash.com/photo-1555400092-aa3baafce1be?w=1440&h=900&fit=crop&q=80"
    ],
    "description": "Exceptional 3 bedroom apartment in the prestigious Cape Town City Centre. This beautifully designed property features modern finishes, premium amenities, and spectacular views. Perfect for families seeking luxury living in the heart of Cape Town.",
    "features": [
      "City Bowl Views",
      "V&A Waterfront Access",
      "Public Transport",
      "Premium Shopping"
    ],
    "source": "property24",
    "sourceUrl": "https://www.property24.com/for-sale/cape-town-city-centre/cape-town/western-cape/9138/116455489",
    "agentName": "La'eeq Allie",
    "agentContact": "+27 82 123 4567"
  },
  {
    "id": "116455093",
    "title": "Modern 2 Bedroom Apartment in Cape Town City Centre",
    "price": "R 4 500 000",
    "location": "Cape Town City Centre",
    "bedrooms": 2,
    "bathrooms": 2,
    "area": "88 m²",
    "type": "Apartment",
    "status": "available",
    "images": [
      "https://images.prop24.com/365453847/Crop1440x900",
      "https://images.prop24.com/365453848/Crop1440x900",
      "https://images.unsplash.com/photo-1600585154526-990dced4db0d?w=1440&h=900&fit=crop&q=80",
      "https://images.unsplash.com/photo-1600607688960-e095ff2c4043?w=1440&h=900&fit=crop&q=80",
      "https://images.unsplash.com/photo-1600607687939-ce8a6c25118c?w=1440&h=900&fit=crop&q=80",
      "https://images.unsplash.com/photo-1620626011761-996317b8d101?w=1440&h=900&fit=crop&q=80",
      "https://images.unsplash.com/photo-1600585154340-be6161a56a0c?w=1440&h=900&fit=crop&q=80",
      "https://images.unsplash.com/photo-1631049307264-da0ec9d70304?w=1440&h=900&fit=crop&q=80",
      "https://images.unsplash.com/photo-1600566753190-17f0baa2a6c3?w=1440&h=900&fit=crop&q=80",
      "https://images.unsplash.com/photo-1586023492125-27b2c045efd7?w=1440&h=900&fit=crop&q=80",
      "https://images.unsplash.com/photo-1584622650111-993a426fbf0a?w=1440&h=900&fit=crop&q=80",
      "https://images.unsplash.com/photo-1600607687644-c7171b42498f?w=1440&h=900&fit=crop&q=80",
      "https://images.unsplash.com/photo-1580060839134-75a5edca2e99?w=1440&h=900&fit=crop&q=80",
      "https://images.unsplash.com/photo-1576485290814-1c72aa4bbb8e?w=1440&h=900&fit=crop&q=80",
      "https://images.unsplash.com/photo-1555400092-aa3baafce1be?w=1440&h=900&fit=crop&q=80"
    ],
    "description": "Exceptional 2 bedroom apartment in the prestigious Cape Town City Centre. This beautifully designed property features modern finishes, premium amenities, and spectacular views. Ideal for professionals and investors looking for prime location and quality.",
    "features": [
      "City Bowl Views",
      "V&A Waterfront Access",
      "Public Transport",
      "Premium Shopping"
    ],
    "source": "property24",
    "sourceUrl": "https://www.property24.com/for-sale/cape-town-city-centre/cape-town/western-cape/9138/116455093",
    "agentName": "La'eeq Allie",
    "agentContact": "+27 82 123 4567"
  },
  {
    "id": "116439140",
    "title": "Modern 2 Bedroom Apartment in Gardens",
    "price": "R 6 250 000",
    "location": "Gardens",
    "bedrooms": 2,
    "bathrooms": 2,
    "area": "92 m²",
    "type": "Apartment",
    "status": "available",
    "images": [
      "https://images.prop24.com/365167323/Crop1440x900",
      "https://images.prop24.com/365167325/Crop1440x900",
      "https://images.unsplash.com/photo-1600566753376-12c8ab7fb75b?w=1440&h=900&fit=crop&q=80",
      "https://images.unsplash.com/photo-1620626011761-996317b8d101?w=1440&h=900&fit=crop&q=80",
      "https://images.unsplash.com/photo-1556909114-f6e7ad7d3136?w=1440&h=900&fit=crop&q=80",
      "https://images.unsplash.com/photo-1600607687939-ce8a6c25118c?w=1440&h=900&fit=crop&q=80",
      "https://images.unsplash.com/photo-1600585154340-be6161a56a0c?w=1440&h=900&fit=crop&q=80",
      "https://images.unsplash.com/photo-1631049307264-da0ec9d70304?w=1440&h=900&fit=crop&q=80",
      "https://images.unsplash.com/photo-1600566753190-17f0baa2a6c3?w=1440&h=900&fit=crop&q=80",
      "https://images.unsplash.com/photo-1584622650111-993a426fbf0a?w=1440&h=900&fit=crop&q=80",
      "https://images.unsplash.com/photo-1600607687644-c7171b42498f?w=1440&h=900&fit=crop&q=80",
      "https://images.unsplash.com/photo-1586023492125-27b2c045efd7?w=1440&h=900&fit=crop&q=80",
      "https://images.unsplash.com/photo-1580060839134-75a5edca2e99?w=1440&h=900&fit=crop&q=80",
      "https://images.unsplash.com/photo-1576485290814-1c72aa4bbb8e?w=1440&h=900&fit=crop&q=80",
      "https://images.unsplash.com/photo-1555400092-aa3baafce1be?w=1440&h=900&fit=crop&q=80"
    ],
    "description": "Exceptional 2 bedroom apartment in the prestigious Gardens. This beautifully designed property features modern finishes, premium amenities, and spectacular views. Ideal for professionals and investors looking for prime location and quality.",
    "features": [
      "Table Mountain Views",
      "Company Gardens",
      "Kloof Street Cafes",
      "Heritage Location"
    ],
    "source": "property24",
    "sourceUrl": "https://www.property24.com/for-sale/gardens/cape-town/western-cape/9145/116439140",
    "agentName": "La'eeq Allie",
    "agentContact": "+27 82 123 4567"
  },
  {
    "id": "116441627",
    "title": "5 Bedroom Apartment in Cape Town City Centre",
    "price": "R 3 300 000",
    "location": "Cape Town City Centre",
    "bedrooms": 5,
    "bathrooms": 5,
    "area": "32 m²",
    "type": "Apartment",
    "status": "available",
    "images": [
      "https://images.prop24.com/365215817/Crop1440x900",
      "https://images.prop24.com/365215818/Crop1440x900",
      "https://images.unsplash.com/photo-1586023492125-27b2c045efd7?w=1440&h=900&fit=crop&q=80",
      "https://images.unsplash.com/photo-1620626011761-996317b8d101?w=1440&h=900&fit=crop&q=80",
      "https://images.unsplash.com/photo-1556909114-f6e7ad7d3136?w=1440&h=900&fit=crop&q=80",
      "https://images.unsplash.com/photo-1600607688960-e095ff2c4043?w=1440&h=900&fit=crop&q=80",
      "https://images.unsplash.com/photo-1600585154526-990dced4db0d?w=1440&h=900&fit=crop&q=80",
      "https://images.unsplash.com/photo-1584622650111-993a426fbf0a?w=1440&h=900&fit=crop&q=80",
      "https://images.unsplash.com/photo-1600566753376-12c8ab7fb75b?w=1440&h=900&fit=crop&q=80",
      "https://images.unsplash.com/photo-1631049307264-da0ec9d70304?w=1440&h=900&fit=crop&q=80",
      "https://images.unsplash.com/photo-1600585154340-be6161a56a0c?w=1440&h=900&fit=crop&q=80",
      "https://images.unsplash.com/photo-1600566753190-17f0baa2a6c3?w=1440&h=900&fit=crop&q=80",
      "https://images.unsplash.com/photo-1580060839134-75a5edca2e99?w=1440&h=900&fit=crop&q=80",
      "https://images.unsplash.com/photo-1576485290814-1c72aa4bbb8e?w=1440&h=900&fit=crop&q=80",
      "https://images.unsplash.com/photo-1555400092-aa3baafce1be?w=1440&h=900&fit=crop&q=80"
    ],
    "description": "Exceptional 5 bedroom apartment in the prestigious Cape Town City Centre. This beautifully designed property features modern finishes, premium amenities, and spectacular views. Perfect for families seeking luxury living in the heart of Cape Town.",
    "features": [
      "City Bowl Views",
      "V&A Waterfront Access",
      "Public Transport",
      "Premium Shopping"
    ],
    "source": "property24",
    "sourceUrl": "https://www.property24.com/for-sale/cape-town-city-centre/cape-town/western-cape/9138/116441627",
    "agentName": "La'eeq Allie",
    "agentContact": "+27 82 123 4567"
  },
  {
    "id": "116441202",
    "title": "5 Bedroom Apartment in Cape Town City Centre",
    "price": "R 2 375 000",
    "location": "Cape Town City Centre",
    "bedrooms": 5,
    "bathrooms": 5,
    "area": "39 m²",
    "type": "Apartment",
    "status": "available",
    "images": [
      "https://images.prop24.com/365208392/Crop1440x900",
      "https://images.prop24.com/365208393/Crop1440x900",
      "https://images.unsplash.com/photo-1600607687644-c7171b42498f?w=1440&h=900&fit=crop&q=80",
      "https://images.unsplash.com/photo-1600607687939-ce8a6c25118c?w=1440&h=900&fit=crop&q=80",
      "https://images.unsplash.com/photo-1600566753376-12c8ab7fb75b?w=1440&h=900&fit=crop&q=80",
      "https://images.unsplash.com/photo-1631049307264-da0ec9d70304?w=1440&h=900&fit=crop&q=80",
      "https://images.unsplash.com/photo-1584622650111-993a426fbf0a?w=1440&h=900&fit=crop&q=80",
      "https://images.unsplash.com/photo-1600607688960-e095ff2c4043?w=1440&h=900&fit=crop&q=80",
      "https://images.unsplash.com/photo-1586023492125-27b2c045efd7?w=1440&h=900&fit=crop&q=80",
      "https://images.unsplash.com/photo-1620626011761-996317b8d101?w=1440&h=900&fit=crop&q=80",
      "https://images.unsplash.com/photo-1600585154526-990dced4db0d?w=1440&h=900&fit=crop&q=80",
      "https://images.unsplash.com/photo-1556909114-f6e7ad7d3136?w=1440&h=900&fit=crop&q=80",
      "https://images.unsplash.com/photo-1580060839134-75a5edca2e99?w=1440&h=900&fit=crop&q=80",
      "https://images.unsplash.com/photo-1576485290814-1c72aa4bbb8e?w=1440&h=900&fit=crop&q=80",
      "https://images.unsplash.com/photo-1555400092-aa3baafce1be?w=1440&h=900&fit=crop&q=80"
    ],
    "description": "Exceptional 5 bedroom apartment in the prestigious Cape Town City Centre. This beautifully designed property features modern finishes, premium amenities, and spectacular views. Perfect for families seeking luxury living in the heart of Cape Town.",
    "features": [
      "City Bowl Views",
      "V&A Waterfront Access",
      "Public Transport",
      "Premium Shopping"
    ],
    "source": "property24",
    "sourceUrl": "https://www.property24.com/for-sale/cape-town-city-centre/cape-town/western-cape/9138/116441202",
    "agentName": "La'eeq Allie",
    "agentContact": "+27 82 123 4567"
  },
  {
    "id": "116223544",
    "title": "Listing not found",
    "price": "POA",
    "location": "Cape Town City Centre",
    "bathrooms": 1,
    "area": "50 m²",
    "type": "Apartment",
    "status": "available",
    "images": [
      "https://images.unsplash.com/photo-1556909114-f6e7ad7d3136?w=1440&h=900&fit=crop&q=80",
      "https://images.unsplash.com/photo-1584622650111-993a426fbf0a?w=1440&h=900&fit=crop&q=80",
      "https://images.unsplash.com/photo-1620626011761-996317b8d101?w=1440&h=900&fit=crop&q=80",
      "https://images.unsplash.com/photo-1600585154340-be6161a56a0c?w=1440&h=900&fit=crop&q=80",
      "https://images.unsplash.com/photo-1600585154526-990dced4db0d?w=1440&h=900&fit=crop&q=80",
      "https://images.unsplash.com/photo-1600566753190-17f0baa2a6c3?w=1440&h=900&fit=crop&q=80",
      "https://images.unsplash.com/photo-1600607687644-c7171b42498f?w=1440&h=900&fit=crop&q=80",
      "https://images.unsplash.com/photo-1600566753376-12c8ab7fb75b?w=1440&h=900&fit=crop&q=80",
      "https://images.unsplash.com/photo-1600607687939-ce8a6c25118c?w=1440&h=900&fit=crop&q=80",
      "https://images.unsplash.com/photo-1631049307264-da0ec9d70304?w=1440&h=900&fit=crop&q=80",
      "https://images.unsplash.com/photo-1600607688960-e095ff2c4043?w=1440&h=900&fit=crop&q=80",
      "https://images.unsplash.com/photo-1586023492125-27b2c045efd7?w=1440&h=900&fit=crop&q=80",
      "https://images.unsplash.com/photo-1580060839134-75a5edca2e99?w=1440&h=900&fit=crop&q=80",
      "https://images.unsplash.com/photo-1576485290814-1c72aa4bbb8e?w=1440&h=900&fit=crop&q=80",
      "https://images.unsplash.com/photo-1555400092-aa3baafce1be?w=1440&h=900&fit=crop&q=80"
    ],
    "description": "Exceptional studio apartment in the prestigious Cape Town City Centre. This beautifully designed property features modern finishes, premium amenities, and spectacular views. Ideal for professionals and investors looking for prime location and quality.",
    "features": [
      "City Bowl Views",
      "V&A Waterfront Access",
      "Public Transport",
      "Premium Shopping"
    ],
    "source": "property24",
    "sourceUrl": "https://www.property24.com/for-sale/cape-town-city-centre/cape-town/western-cape/9138/116223544",
    "agentName": "La'eeq Allie",
    "agentContact": "+27 82 123 4567"
  },
  {
    "id": "116441599",
    "title": "Server unavailable",
    "price": "POA",
    "location": "Cape Town City Centre",
    "bathrooms": 1,
    "area": "50 m²",
    "type": "Apartment",
    "status": "available",
    "images": [
      "https://images.unsplash.com/photo-1600607687939-ce8a6c25118c?w=1440&h=900&fit=crop&q=80",
      "https://images.unsplash.com/photo-1620626011761-996317b8d101?w=1440&h=900&fit=crop&q=80",
      "https://images.unsplash.com/photo-1631049307264-da0ec9d70304?w=1440&h=900&fit=crop&q=80",
      "https://images.unsplash.com/photo-1600585154340-be6161a56a0c?w=1440&h=900&fit=crop&q=80",
      "https://images.unsplash.com/photo-1600585154526-990dced4db0d?w=1440&h=900&fit=crop&q=80",
      "https://images.unsplash.com/photo-1600566753190-17f0baa2a6c3?w=1440&h=900&fit=crop&q=80",
      "https://images.unsplash.com/photo-1556909114-f6e7ad7d3136?w=1440&h=900&fit=crop&q=80",
      "https://images.unsplash.com/photo-1600607688960-e095ff2c4043?w=1440&h=900&fit=crop&q=80",
      "https://images.unsplash.com/photo-1584622650111-993a426fbf0a?w=1440&h=900&fit=crop&q=80",
      "https://images.unsplash.com/photo-1586023492125-27b2c045efd7?w=1440&h=900&fit=crop&q=80",
      "https://images.unsplash.com/photo-1600607687644-c7171b42498f?w=1440&h=900&fit=crop&q=80",
      "https://images.unsplash.com/photo-1600566753376-12c8ab7fb75b?w=1440&h=900&fit=crop&q=80",
      "https://images.unsplash.com/photo-1580060839134-75a5edca2e99?w=1440&h=900&fit=crop&q=80",
      "https://images.unsplash.com/photo-1576485290814-1c72aa4bbb8e?w=1440&h=900&fit=crop&q=80",
      "https://images.unsplash.com/photo-1555400092-aa3baafce1be?w=1440&h=900&fit=crop&q=80"
    ],
    "description": "Exceptional studio apartment in the prestigious Cape Town City Centre. This beautifully designed property features modern finishes, premium amenities, and spectacular views. Ideal for professionals and investors looking for prime location and quality.",
    "features": [
      "City Bowl Views",
      "V&A Waterfront Access",
      "Public Transport",
      "Premium Shopping"
    ],
    "source": "property24",
    "sourceUrl": "https://www.property24.com/for-sale/cape-town-city-centre/cape-town/western-cape/9138/116441599",
    "agentName": "La'eeq Allie",
    "agentContact": "+27 82 123 4567"
  },
  {
    "id": "116338371",
    "title": "Server unavailable",
    "price": "POA",
    "location": "Gardens",
    "bathrooms": 1,
    "area": "50 m²",
    "type": "Apartment",
    "status": "available",
    "images": [
      "https://images.unsplash.com/photo-1631049307264-da0ec9d70304?w=1440&h=900&fit=crop&q=80",
      "https://images.unsplash.com/photo-1600585154340-be6161a56a0c?w=1440&h=900&fit=crop&q=80",
      "https://images.unsplash.com/photo-1600607688960-e095ff2c4043?w=1440&h=900&fit=crop&q=80",
      "https://images.unsplash.com/photo-1600566753190-17f0baa2a6c3?w=1440&h=900&fit=crop&q=80",
      "https://images.unsplash.com/photo-1600607687644-c7171b42498f?w=1440&h=900&fit=crop&q=80",
      "https://images.unsplash.com/photo-1600566753376-12c8ab7fb75b?w=1440&h=900&fit=crop&q=80",
      "https://images.unsplash.com/photo-1600607687939-ce8a6c25118c?w=1440&h=900&fit=crop&q=80",
      "https://images.unsplash.com/photo-1584622650111-993a426fbf0a?w=1440&h=900&fit=crop&q=80",
      "https://images.unsplash.com/photo-1620626011761-996317b8d101?w=1440&h=900&fit=crop&q=80",
      "https://images.unsplash.com/photo-1556909114-f6e7ad7d3136?w=1440&h=900&fit=crop&q=80",
      "https://images.unsplash.com/photo-1586023492125-27b2c045efd7?w=1440&h=900&fit=crop&q=80",
      "https://images.unsplash.com/photo-1600585154526-990dced4db0d?w=1440&h=900&fit=crop&q=80",
      "https://images.unsplash.com/photo-1580060839134-75a5edca2e99?w=1440&h=900&fit=crop&q=80",
      "https://images.unsplash.com/photo-1576485290814-1c72aa4bbb8e?w=1440&h=900&fit=crop&q=80",
      "https://images.unsplash.com/photo-1555400092-aa3baafce1be?w=1440&h=900&fit=crop&q=80"
    ],
    "description": "Exceptional studio apartment in the prestigious Gardens. This beautifully designed property features modern finishes, premium amenities, and spectacular views. Ideal for professionals and investors looking for prime location and quality.",
    "features": [
      "Table Mountain Views",
      "Company Gardens",
      "Kloof Street Cafes",
      "Heritage Location"
    ],
    "source": "property24",
    "sourceUrl": "https://www.property24.com/for-sale/gardens/cape-town/western-cape/9145/116338371",
    "agentName": "La'eeq Allie",
    "agentContact": "+27 82 123 4567"
  },
  {
    "id": "116280718",
    "title": "Server unavailable",
    "price": "POA",
    "location": "Cape Town City Centre",
    "bathrooms": 1,
    "area": "50 m²",
    "type": "Apartment",
    "status": "available",
    "images": [
      "https://images.unsplash.com/photo-1600607687644-c7171b42498f?w=1440&h=900&fit=crop&q=80",
      "https://images.unsplash.com/photo-1620626011761-996317b8d101?w=1440&h=900&fit=crop&q=80",
      "https://images.unsplash.com/photo-1600566753376-12c8ab7fb75b?w=1440&h=900&fit=crop&q=80",
      "https://images.unsplash.com/photo-1584622650111-993a426fbf0a?w=1440&h=900&fit=crop&q=80",
      "https://images.unsplash.com/photo-1600607688960-e095ff2c4043?w=1440&h=900&fit=crop&q=80",
      "https://images.unsplash.com/photo-1556909114-f6e7ad7d3136?w=1440&h=900&fit=crop&q=80",
      "https://images.unsplash.com/photo-1586023492125-27b2c045efd7?w=1440&h=900&fit=crop&q=80",
      "https://images.unsplash.com/photo-1600566753190-17f0baa2a6c3?w=1440&h=900&fit=crop&q=80",
      "https://images.unsplash.com/photo-1600585154526-990dced4db0d?w=1440&h=900&fit=crop&q=80",
      "https://images.unsplash.com/photo-1600607687939-ce8a6c25118c?w=1440&h=900&fit=crop&q=80",
      "https://images.unsplash.com/photo-1600585154340-be6161a56a0c?w=1440&h=900&fit=crop&q=80",
      "https://images.unsplash.com/photo-1631049307264-da0ec9d70304?w=1440&h=900&fit=crop&q=80",
      "https://images.unsplash.com/photo-1580060839134-75a5edca2e99?w=1440&h=900&fit=crop&q=80",
      "https://images.unsplash.com/photo-1576485290814-1c72aa4bbb8e?w=1440&h=900&fit=crop&q=80",
      "https://images.unsplash.com/photo-1555400092-aa3baafce1be?w=1440&h=900&fit=crop&q=80"
    ],
    "description": "Exceptional studio apartment in the prestigious Cape Town City Centre. This beautifully designed property features modern finishes, premium amenities, and spectacular views. Ideal for professionals and investors looking for prime location and quality.",
    "features": [
      "City Bowl Views",
      "V&A Waterfront Access",
      "Public Transport",
      "Premium Shopping"
    ],
    "source": "property24",
    "sourceUrl": "https://www.property24.com/for-sale/cape-town-city-centre/cape-town/western-cape/9138/116280718",
    "agentName": "La'eeq Allie",
    "agentContact": "+27 82 123 4567"
  },
  {
    "id": "116281167",
    "title": "Server unavailable",
    "price": "POA",
    "location": "Cape Town City Centre",
    "bathrooms": 1,
    "area": "50 m²",
    "type": "Apartment",
    "status": "available",
    "images": [
      "https://images.unsplash.com/photo-1600566753376-12c8ab7fb75b?w=1440&h=900&fit=crop&q=80",
      "https://images.unsplash.com/photo-1600607687644-c7171b42498f?w=1440&h=900&fit=crop&q=80",
      "https://images.unsplash.com/photo-1556909114-f6e7ad7d3136?w=1440&h=900&fit=crop&q=80",
      "https://images.unsplash.com/photo-1600585154340-be6161a56a0c?w=1440&h=900&fit=crop&q=80",
      "https://images.unsplash.com/photo-1620626011761-996317b8d101?w=1440&h=900&fit=crop&q=80",
      "https://images.unsplash.com/photo-1600607688960-e095ff2c4043?w=1440&h=900&fit=crop&q=80",
      "https://images.unsplash.com/photo-1586023492125-27b2c045efd7?w=1440&h=900&fit=crop&q=80",
      "https://images.unsplash.com/photo-1584622650111-993a426fbf0a?w=1440&h=900&fit=crop&q=80",
      "https://images.unsplash.com/photo-1600566753190-17f0baa2a6c3?w=1440&h=900&fit=crop&q=80",
      "https://images.unsplash.com/photo-1631049307264-da0ec9d70304?w=1440&h=900&fit=crop&q=80",
      "https://images.unsplash.com/photo-1600607687939-ce8a6c25118c?w=1440&h=900&fit=crop&q=80",
      "https://images.unsplash.com/photo-1600585154526-990dced4db0d?w=1440&h=900&fit=crop&q=80",
      "https://images.unsplash.com/photo-1580060839134-75a5edca2e99?w=1440&h=900&fit=crop&q=80",
      "https://images.unsplash.com/photo-1576485290814-1c72aa4bbb8e?w=1440&h=900&fit=crop&q=80",
      "https://images.unsplash.com/photo-1555400092-aa3baafce1be?w=1440&h=900&fit=crop&q=80"
    ],
    "description": "Exceptional studio apartment in the prestigious Cape Town City Centre. This beautifully designed property features modern finishes, premium amenities, and spectacular views. Ideal for professionals and investors looking for prime location and quality.",
    "features": [
      "City Bowl Views",
      "V&A Waterfront Access",
      "Public Transport",
      "Premium Shopping"
    ],
    "source": "property24",
    "sourceUrl": "https://www.property24.com/for-sale/cape-town-city-centre/cape-town/western-cape/9138/116281167",
    "agentName": "La'eeq Allie",
    "agentContact": "+27 82 123 4567"
  },
  {
    "id": "116282958",
    "title": "Server unavailable",
    "price": "POA",
    "location": "Woodstock",
    "bathrooms": 1,
    "area": "50 m²",
    "type": "Apartment",
    "status": "available",
    "images": [
      "https://images.unsplash.com/photo-1556909114-f6e7ad7d3136?w=1440&h=900&fit=crop&q=80",
      "https://images.unsplash.com/photo-1586023492125-27b2c045efd7?w=1440&h=900&fit=crop&q=80",
      "https://images.unsplash.com/photo-1600585154526-990dced4db0d?w=1440&h=900&fit=crop&q=80",
      "https://images.unsplash.com/photo-1600566753376-12c8ab7fb75b?w=1440&h=900&fit=crop&q=80",
      "https://images.unsplash.com/photo-1600607688960-e095ff2c4043?w=1440&h=900&fit=crop&q=80",
      "https://images.unsplash.com/photo-1600607687644-c7171b42498f?w=1440&h=900&fit=crop&q=80",
      "https://images.unsplash.com/photo-1600566753190-17f0baa2a6c3?w=1440&h=900&fit=crop&q=80",
      "https://images.unsplash.com/photo-1620626011761-996317b8d101?w=1440&h=900&fit=crop&q=80",
      "https://images.unsplash.com/photo-1600585154340-be6161a56a0c?w=1440&h=900&fit=crop&q=80",
      "https://images.unsplash.com/photo-1600607687939-ce8a6c25118c?w=1440&h=900&fit=crop&q=80",
      "https://images.unsplash.com/photo-1584622650111-993a426fbf0a?w=1440&h=900&fit=crop&q=80",
      "https://images.unsplash.com/photo-1631049307264-da0ec9d70304?w=1440&h=900&fit=crop&q=80"
    ],
    "description": "Exceptional studio apartment in the prestigious Woodstock. This beautifully designed property features modern finishes, premium amenities, and spectacular views. Ideal for professionals and investors looking for prime location and quality.",
    "features": [
      "Trendy Arts District",
      "Salt Circle",
      "Investment Potential",
      "Transport Links"
    ],
    "source": "property24",
    "sourceUrl": "https://www.property24.com/for-sale/woodstock/cape-town/western-cape/10164/116282958",
    "agentName": "La'eeq Allie",
    "agentContact": "+27 82 123 4567"
  },
  {
    "id": "116281209",
    "title": "Server unavailable",
    "price": "POA",
    "location": "Cape Town City Centre",
    "bathrooms": 1,
    "area": "50 m²",
    "type": "Apartment",
    "status": "available",
    "images": [
      "https://images.unsplash.com/photo-1631049307264-da0ec9d70304?w=1440&h=900&fit=crop&q=80",
      "https://images.unsplash.com/photo-1620626011761-996317b8d101?w=1440&h=900&fit=crop&q=80",
      "https://images.unsplash.com/photo-1586023492125-27b2c045efd7?w=1440&h=900&fit=crop&q=80",
      "https://images.unsplash.com/photo-1600585154340-be6161a56a0c?w=1440&h=900&fit=crop&q=80",
      "https://images.unsplash.com/photo-1584622650111-993a426fbf0a?w=1440&h=900&fit=crop&q=80",
      "https://images.unsplash.com/photo-1556909114-f6e7ad7d3136?w=1440&h=900&fit=crop&q=80",
      "https://images.unsplash.com/photo-1600585154526-990dced4db0d?w=1440&h=900&fit=crop&q=80",
      "https://images.unsplash.com/photo-1600607688960-e095ff2c4043?w=1440&h=900&fit=crop&q=80",
      "https://images.unsplash.com/photo-1600566753190-17f0baa2a6c3?w=1440&h=900&fit=crop&q=80",
      "https://images.unsplash.com/photo-1600566753376-12c8ab7fb75b?w=1440&h=900&fit=crop&q=80",
      "https://images.unsplash.com/photo-1600607687644-c7171b42498f?w=1440&h=900&fit=crop&q=80",
      "https://images.unsplash.com/photo-1600607687939-ce8a6c25118c?w=1440&h=900&fit=crop&q=80",
      "https://images.unsplash.com/photo-1580060839134-75a5edca2e99?w=1440&h=900&fit=crop&q=80",
      "https://images.unsplash.com/photo-1576485290814-1c72aa4bbb8e?w=1440&h=900&fit=crop&q=80",
      "https://images.unsplash.com/photo-1555400092-aa3baafce1be?w=1440&h=900&fit=crop&q=80"
    ],
    "description": "Exceptional studio apartment in the prestigious Cape Town City Centre. This beautifully designed property features modern finishes, premium amenities, and spectacular views. Ideal for professionals and investors looking for prime location and quality.",
    "features": [
      "City Bowl Views",
      "V&A Waterfront Access",
      "Public Transport",
      "Premium Shopping"
    ],
    "source": "property24",
    "sourceUrl": "https://www.property24.com/for-sale/cape-town-city-centre/cape-town/western-cape/9138/116281209",
    "agentName": "La'eeq Allie",
    "agentContact": "+27 82 123 4567"
  },
  {
    "id": "116296190",
    "title": "Server unavailable",
    "price": "POA",
    "location": "Gardens",
    "bathrooms": 1,
    "area": "50 m²",
    "type": "Apartment",
    "status": "available",
    "images": [
      "https://images.unsplash.com/photo-1600607687644-c7171b42498f?w=1440&h=900&fit=crop&q=80",
      "https://images.unsplash.com/photo-1556909114-f6e7ad7d3136?w=1440&h=900&fit=crop&q=80",
      "https://images.unsplash.com/photo-1584622650111-993a426fbf0a?w=1440&h=900&fit=crop&q=80",
      "https://images.unsplash.com/photo-1620626011761-996317b8d101?w=1440&h=900&fit=crop&q=80",
      "https://images.unsplash.com/photo-1586023492125-27b2c045efd7?w=1440&h=900&fit=crop&q=80",
      "https://images.unsplash.com/photo-1600607688960-e095ff2c4043?w=1440&h=900&fit=crop&q=80",
      "https://images.unsplash.com/photo-1600566753376-12c8ab7fb75b?w=1440&h=900&fit=crop&q=80",
      "https://images.unsplash.com/photo-1600585154340-be6161a56a0c?w=1440&h=900&fit=crop&q=80",
      "https://images.unsplash.com/photo-1600566753190-17f0baa2a6c3?w=1440&h=900&fit=crop&q=80",
      "https://images.unsplash.com/photo-1631049307264-da0ec9d70304?w=1440&h=900&fit=crop&q=80",
      "https://images.unsplash.com/photo-1600607687939-ce8a6c25118c?w=1440&h=900&fit=crop&q=80",
      "https://images.unsplash.com/photo-1600585154526-990dced4db0d?w=1440&h=900&fit=crop&q=80",
      "https://images.unsplash.com/photo-1580060839134-75a5edca2e99?w=1440&h=900&fit=crop&q=80",
      "https://images.unsplash.com/photo-1576485290814-1c72aa4bbb8e?w=1440&h=900&fit=crop&q=80",
      "https://images.unsplash.com/photo-1555400092-aa3baafce1be?w=1440&h=900&fit=crop&q=80"
    ],
    "description": "Exceptional studio apartment in the prestigious Gardens. This beautifully designed property features modern finishes, premium amenities, and spectacular views. Ideal for professionals and investors looking for prime location and quality.",
    "features": [
      "Table Mountain Views",
      "Company Gardens",
      "Kloof Street Cafes",
      "Heritage Location"
    ],
    "source": "property24",
    "sourceUrl": "https://www.property24.com/for-sale/gardens/cape-town/western-cape/9145/116296190",
    "agentName": "La'eeq Allie",
    "agentContact": "+27 82 123 4567"
  },
  {
    "id": "116280871",
    "title": "Server unavailable",
    "price": "POA",
    "location": "Cape Town City Centre",
    "bathrooms": 1,
    "area": "50 m²",
    "type": "Apartment",
    "status": "available",
    "images": [
      "https://images.unsplash.com/photo-1600607687644-c7171b42498f?w=1440&h=900&fit=crop&q=80",
      "https://images.unsplash.com/photo-1600566753376-12c8ab7fb75b?w=1440&h=900&fit=crop&q=80",
      "https://images.unsplash.com/photo-1631049307264-da0ec9d70304?w=1440&h=900&fit=crop&q=80",
      "https://images.unsplash.com/photo-1600585154526-990dced4db0d?w=1440&h=900&fit=crop&q=80",
      "https://images.unsplash.com/photo-1584622650111-993a426fbf0a?w=1440&h=900&fit=crop&q=80",
      "https://images.unsplash.com/photo-1600607688960-e095ff2c4043?w=1440&h=900&fit=crop&q=80",
      "https://images.unsplash.com/photo-1620626011761-996317b8d101?w=1440&h=900&fit=crop&q=80",
      "https://images.unsplash.com/photo-1586023492125-27b2c045efd7?w=1440&h=900&fit=crop&q=80",
      "https://images.unsplash.com/photo-1600607687939-ce8a6c25118c?w=1440&h=900&fit=crop&q=80",
      "https://images.unsplash.com/photo-1600566753190-17f0baa2a6c3?w=1440&h=900&fit=crop&q=80",
      "https://images.unsplash.com/photo-1600585154340-be6161a56a0c?w=1440&h=900&fit=crop&q=80",
      "https://images.unsplash.com/photo-1556909114-f6e7ad7d3136?w=1440&h=900&fit=crop&q=80",
      "https://images.unsplash.com/photo-1580060839134-75a5edca2e99?w=1440&h=900&fit=crop&q=80",
      "https://images.unsplash.com/photo-1576485290814-1c72aa4bbb8e?w=1440&h=900&fit=crop&q=80",
      "https://images.unsplash.com/photo-1555400092-aa3baafce1be?w=1440&h=900&fit=crop&q=80"
    ],
    "description": "Exceptional studio apartment in the prestigious Cape Town City Centre. This beautifully designed property features modern finishes, premium amenities, and spectacular views. Ideal for professionals and investors looking for prime location and quality.",
    "features": [
      "City Bowl Views",
      "V&A Waterfront Access",
      "Public Transport",
      "Premium Shopping"
    ],
    "source": "property24",
    "sourceUrl": "https://www.property24.com/for-sale/cape-town-city-centre/cape-town/western-cape/9138/116280871",
    "agentName": "La'eeq Allie",
    "agentContact": "+27 82 123 4567"
  },
  {
    "id": "116226593",
    "title": "Server unavailable",
    "price": "POA",
    "location": "Gardens",
    "bathrooms": 1,
    "area": "50 m²",
    "type": "Apartment",
    "status": "available",
    "images": [
      "https://images.unsplash.com/photo-1600607688960-e095ff2c4043?w=1440&h=900&fit=crop&q=80",
      "https://images.unsplash.com/photo-1631049307264-da0ec9d70304?w=1440&h=900&fit=crop&q=80",
      "https://images.unsplash.com/photo-1620626011761-996317b8d101?w=1440&h=900&fit=crop&q=80",
      "https://images.unsplash.com/photo-1586023492125-27b2c045efd7?w=1440&h=900&fit=crop&q=80",
      "https://images.unsplash.com/photo-1600566753190-17f0baa2a6c3?w=1440&h=900&fit=crop&q=80",
      "https://images.unsplash.com/photo-1600607687644-c7171b42498f?w=1440&h=900&fit=crop&q=80",
      "https://images.unsplash.com/photo-1600585154526-990dced4db0d?w=1440&h=900&fit=crop&q=80",
      "https://images.unsplash.com/photo-1600585154340-be6161a56a0c?w=1440&h=900&fit=crop&q=80",
      "https://images.unsplash.com/photo-1556909114-f6e7ad7d3136?w=1440&h=900&fit=crop&q=80",
      "https://images.unsplash.com/photo-1600607687939-ce8a6c25118c?w=1440&h=900&fit=crop&q=80",
      "https://images.unsplash.com/photo-1600566753376-12c8ab7fb75b?w=1440&h=900&fit=crop&q=80",
      "https://images.unsplash.com/photo-1584622650111-993a426fbf0a?w=1440&h=900&fit=crop&q=80",
      "https://images.unsplash.com/photo-1580060839134-75a5edca2e99?w=1440&h=900&fit=crop&q=80",
      "https://images.unsplash.com/photo-1576485290814-1c72aa4bbb8e?w=1440&h=900&fit=crop&q=80",
      "https://images.unsplash.com/photo-1555400092-aa3baafce1be?w=1440&h=900&fit=crop&q=80"
    ],
    "description": "Exceptional studio apartment in the prestigious Gardens. This beautifully designed property features modern finishes, premium amenities, and spectacular views. Ideal for professionals and investors looking for prime location and quality.",
    "features": [
      "Table Mountain Views",
      "Company Gardens",
      "Kloof Street Cafes",
      "Heritage Location"
    ],
    "source": "property24",
    "sourceUrl": "https://www.property24.com/for-sale/gardens/cape-town/western-cape/9145/116226593",
    "agentName": "La'eeq Allie",
    "agentContact": "+27 82 123 4567"
  },
  {
    "id": "116283204",
    "title": "Server unavailable",
    "price": "POA",
    "location": "Cape Town City Centre",
    "bathrooms": 1,
    "area": "50 m²",
    "type": "Apartment",
    "status": "available",
    "images": [
      "https://images.unsplash.com/photo-1556909114-f6e7ad7d3136?w=1440&h=900&fit=crop&q=80",
      "https://images.unsplash.com/photo-1586023492125-27b2c045efd7?w=1440&h=900&fit=crop&q=80",
      "https://images.unsplash.com/photo-1600566753190-17f0baa2a6c3?w=1440&h=900&fit=crop&q=80",
      "https://images.unsplash.com/photo-1584622650111-993a426fbf0a?w=1440&h=900&fit=crop&q=80",
      "https://images.unsplash.com/photo-1600607688960-e095ff2c4043?w=1440&h=900&fit=crop&q=80",
      "https://images.unsplash.com/photo-1600607687644-c7171b42498f?w=1440&h=900&fit=crop&q=80",
      "https://images.unsplash.com/photo-1600585154526-990dced4db0d?w=1440&h=900&fit=crop&q=80",
      "https://images.unsplash.com/photo-1600585154340-be6161a56a0c?w=1440&h=900&fit=crop&q=80",
      "https://images.unsplash.com/photo-1620626011761-996317b8d101?w=1440&h=900&fit=crop&q=80",
      "https://images.unsplash.com/photo-1600607687939-ce8a6c25118c?w=1440&h=900&fit=crop&q=80",
      "https://images.unsplash.com/photo-1631049307264-da0ec9d70304?w=1440&h=900&fit=crop&q=80",
      "https://images.unsplash.com/photo-1600566753376-12c8ab7fb75b?w=1440&h=900&fit=crop&q=80",
      "https://images.unsplash.com/photo-1580060839134-75a5edca2e99?w=1440&h=900&fit=crop&q=80",
      "https://images.unsplash.com/photo-1576485290814-1c72aa4bbb8e?w=1440&h=900&fit=crop&q=80",
      "https://images.unsplash.com/photo-1555400092-aa3baafce1be?w=1440&h=900&fit=crop&q=80"
    ],
    "description": "Exceptional studio apartment in the prestigious Cape Town City Centre. This beautifully designed property features modern finishes, premium amenities, and spectacular views. Ideal for professionals and investors looking for prime location and quality.",
    "features": [
      "City Bowl Views",
      "V&A Waterfront Access",
      "Public Transport",
      "Premium Shopping"
    ],
    "source": "property24",
